Confusion matrix for Disgust included biased dataset:

[Predicted][Actual]

4808 Anger
567 Disgust
5089 Fear
9299 Happy
5915 Neutral
6174 Sad
4015 Surprise

[[3113, 164, 413, 92, 143, 265, 59], 
 [22, 254, 12, 5, 4, 5, 1], 
 [194, 21, 2501, 65, 95, 284, 211], 
 [216, 25, 204, 8577, 191, 200, 201], 
 [597, 26, 496, 358, 4840, 971, 132], 
 [629, 70, 1101, 159, 608, 4425, 43], 
 [37, 7, 362, 43, 34, 24, 3368]]

Without disgust and with biased:

[[3118, 206, 558, 109, 300, 450, 60],
 [0, 0, 0, 0, 0, 0, 0],
 [333, 100, 2212, 113, 155, 351, 265],
 [121, 33, 131, 8507, 182, 171, 137],
 [374, 33, 311, 206, 4029, 685, 76], 
[802, 180, 1459, 274, 1215, 4487, 51],
 [60, 15, 418, 90, 34, 30, 3426]]

Without disgust and with fixed dataset

[[3231, 219, 598, 330, 427, 665, 63], 
[0, 0, 0, 0, 0, 0, 0], 
[406, 132, 2443, 333, 319, 700, 310], 
[149, 43, 155, 7527, 260, 256, 101], 
[443, 31, 426, 432, 3928, 952, 47], 
[509, 124, 991, 477, 918, 3547, 19], 
[70, 18, 476, 200, 63, 54, 3475]]